QUANTIZATION REPORT
=========================================================

shape           : (8, 512, 512)
NB              : 8
NBF             : 7
signed          : True
mode            : round
range_realizable: [-1.0, 0.9921875]

GLOBAL METRICS
---------------------------------------------------------
max_abs_err_re  : 3.906238641379e-03
max_abs_err_im  : 3.906242857202e-03
max_abs_err_c   : 5.511818228121e-03
mean_abs_err_re : 2.012505884265e-03
mean_abs_err_im : 1.949649272440e-03
mean_abs_err_c  : 3.027667172848e-03
rmse_c          : 3.224082940513e-03
rel_l2_c        : 9.119083641377e-03

SATURATION COUNTS
---------------------------------------------------------
sat_re          : 0
sat_im          : 0

WORST COMPLEX SAMPLE
---------------------------------------------------------
index           : (l=3, nx=28, ny=331)
S_ref           : (-0.011710580571496298-0.0429593074160743j)
S_q             : (-0.0078125-0.0390625j)
abs_err_complex : 5.511818228121e-03
abs_err_re      : 3.898080571496e-03
abs_err_im      : 3.896807416074e-03
