QUANTIZATION REPORT
=========================================================

shape           : (8, 512, 512)
NB              : 32
NBF             : 31
signed          : True
mode            : round
range_realizable: [-1.0, 0.9999999995343387]

GLOBAL METRICS
---------------------------------------------------------
max_abs_err_re  : 2.328303105870e-10
max_abs_err_im  : 2.328295056753e-10
max_abs_err_c   : 3.288429322870e-10
mean_abs_err_re : 1.164048183198e-10
mean_abs_err_im : 1.164399686635e-10
mean_abs_err_c  : 1.781773623730e-10
rmse_c          : 1.901086940575e-10
rel_l2_c        : 5.377085869224e-10

SATURATION COUNTS
---------------------------------------------------------
sat_re          : 0
sat_im          : 0

WORST COMPLEX SAMPLE
---------------------------------------------------------
index           : (l=7, nx=454, ny=233)
S_ref           : (-0.003052349900807355-0.07696978724620436j)
S_q             : (-0.003052349667996168-0.07696978747844696j)
abs_err_complex : 3.288429322870e-10
abs_err_re      : 2.328111869954e-10
abs_err_im      : 2.322426001511e-10
